block,first_iter,iters,elapsed_ns,avg_ns,mismatches
0,0,100000,34056463,340.565,0
1,100000,100000,34012236,340.122,0
2,200000,100000,34211892,342.119,0
3,300000,100000,34162897,341.629,0
4,400000,100000,33968148,339.681,0
5,500000,100000,34183404,341.834,0
6,600000,100000,34181545,341.815,0
7,700000,100000,33975534,339.755,0
8,800000,100000,33981954,339.820,0
9,900000,100000,36610219,366.102,0
10,1000000,100000,34347300,343.473,0
11,1100000,100000,34270110,342.701,0
12,1200000,100000,34133791,341.338,0
13,1300000,100000,34024770,340.248,0
14,1400000,100000,34097268,340.973,0
15,1500000,100000,34112275,341.123,0
16,1600000,100000,34005756,340.058,0
17,1700000,100000,33981480,339.815,0
18,1800000,100000,34417141,344.171,0
19,1900000,100000,33852162,338.522,0
20,2000000,100000,34401481,344.015,0
21,2100000,100000,34087050,340.870,0
22,2200000,100000,34269054,342.691,0
23,2300000,100000,34030219,340.302,0
24,2400000,100000,34079424,340.794,0
25,2500000,100000,34274538,342.745,0
26,2600000,100000,34043485,340.435,0
27,2700000,100000,34212090,342.121,0
28,2800000,100000,34303188,343.032,0
29,2900000,100000,33979435,339.794,0
30,3000000,100000,34098588,340.986,0
31,3100000,100000,34160250,341.603,0
32,3200000,100000,34185061,341.851,0
33,3300000,100000,33967878,339.679,0
34,3400000,100000,34263576,342.636,0
35,3500000,100000,34127257,341.273,0
36,3600000,100000,33942576,339.426,0
37,3700000,100000,34266282,342.663,0
38,3800000,100000,34189387,341.894,0
39,3900000,100000,33947868,339.479,0
40,4000000,100000,34164396,341.644,0
41,4100000,100000,34342849,343.428,0
42,4200000,100000,33516570,335.166,0
43,4300000,100000,36847338,368.473,0
44,4400000,100000,34803433,348.034,0
45,4500000,100000,34098078,340.981,0
46,4600000,100000,34079388,340.794,0
47,4700000,100000,34040311,340.403,0
48,4800000,100000,33930162,339.302,0
49,4900000,100000,34110750,341.108,0
50,5000000,100000,33932041,339.320,0
51,5100000,100000,34132482,341.325,0
52,5200000,100000,34233438,342.334,0
53,5300000,100000,34175425,341.754,0
54,5400000,100000,34227126,342.271,0
55,5500000,100000,34141014,341.410,0
56,5600000,100000,33980185,339.802,0
57,5700000,100000,34237530,342.375,0
58,5800000,100000,34222362,342.224,0
59,5900000,100000,33975685,339.757,0
60,6000000,100000,34141326,341.413,0
61,6100000,100000,34224174,342.242,0
62,6200000,100000,34044289,340.443,0
63,6300000,100000,34100940,341.009,0
64,6400000,100000,34191702,341.917,0
65,6500000,100000,34097491,340.975,0
66,6600000,100000,34061286,340.613,0
67,6700000,100000,34191090,341.911,0
68,6800000,100000,34098655,340.987,0
69,6900000,100000,33947478,339.475,0
70,7000000,100000,34173481,341.735,0
71,7100000,100000,34213944,342.139,0
72,7200000,100000,33953124,339.531,0
73,7300000,100000,34193725,341.937,0
74,7400000,100000,34195650,341.957,0
75,7500000,100000,34016844,340.168,0
76,7600000,100000,35892433,358.924,0
77,7700000,100000,34480962,344.810,0
78,7800000,100000,34840314,348.403,0
79,7900000,100000,34093741,340.937,0
80,8000000,100000,34071534,340.715,0
81,8100000,100000,33933972,339.340,0
82,8200000,100000,34114735,341.147,0
83,8300000,100000,33951480,339.515,0
84,8400000,100000,34029432,340.294,0
85,8500000,100000,34296037,342.960,0
86,8600000,100000,34459710,344.597,0
87,8700000,100000,34024950,340.250,0
88,8800000,100000,34262845,342.628,0
89,8900000,100000,34107048,341.070,0
90,9000000,100000,33999870,339.999,0
91,9100000,100000,34065871,340.659,0
92,9200000,100000,34314876,343.149,0
93,9300000,100000,33982866,339.829,0
94,9400000,100000,34085485,340.855,0
95,9500000,100000,34278966,342.790,0
96,9600000,100000,34054062,340.541,0
97,9700000,100000,34098061,340.981,0
98,9800000,100000,34153626,341.536,0
99,9900000,100000,34100388,341.004,0
100,10000000,100000,33943495,339.435,0
101,10100000,100000,34292970,342.930,0
102,10200000,100000,34103622,341.036,0
103,10300000,100000,33949879,339.499,0
104,10400000,100000,34342614,343.426,0
105,10500000,100000,34079934,340.799,0
106,10600000,100000,33963175,339.632,0
107,10700000,100000,33949734,339.497,0
108,10800000,100000,34276146,342.761,0
109,10900000,100000,33679417,336.794,0
110,11000000,100000,36749562,367.496,0
111,11100000,100000,34739508,347.395,0
112,11200000,100000,34090027,340.900,0
113,11300000,100000,34208376,342.084,0
114,11400000,100000,33938634,339.386,0
115,11500000,100000,33965749,339.657,0
116,11600000,100000,34103292,341.033,0
117,11700000,100000,33980995,339.810,0
118,11800000,100000,34013712,340.137,0
119,11900000,100000,34349100,343.491,0
120,12000000,100000,34351363,343.514,0
121,12100000,100000,34012890,340.129,0
122,12200000,100000,34089966,340.900,0
123,12300000,100000,34107961,341.080,0
124,12400000,100000,34163148,341.631,0
125,12500000,100000,33978120,339.781,0
126,12600000,100000,34117723,341.177,0
127,12700000,100000,34271862,342.719,0
128,12800000,100000,33954018,339.540,0
129,12900000,100000,34098169,340.982,0
130,13000000,100000,34282764,342.828,0
131,13100000,100000,34041900,340.419,0
132,13200000,100000,34041643,340.416,0
133,13300000,100000,34256598,342.566,0
134,13400000,100000,34043622,340.436,0
135,13500000,100000,34107883,341.079,0
136,13600000,100000,34249536,342.495,0
137,13700000,100000,34156572,341.566,0
138,13800000,100000,33954085,339.541,0
139,13900000,100000,34221726,342.217,0
140,14000000,100000,34154256,341.543,0
141,14100000,100000,34017841,340.178,0
142,14200000,100000,34035888,340.359,0
143,14300000,100000,36639528,366.395,0
144,14400000,100000,34711717,347.117,0
145,14500000,100000,34131726,341.317,0
146,14600000,100000,34147854,341.479,0
147,14700000,100000,34069963,340.700,0
148,14800000,100000,33982296,339.823,0
149,14900000,100000,34073520,340.735,0
150,15000000,100000,33958615,339.586,0
151,15100000,100000,33958800,339.588,0
152,15200000,100000,34454676,344.547,0
153,15300000,100000,34081309,340.813,0
154,15400000,100000,34288974,342.890,0
155,15500000,100000,34158552,341.586,0
156,15600000,100000,33963925,339.639,0
157,15700000,100000,34239210,342.392,0
158,15800000,100000,34050936,340.509,0
159,15900000,100000,34108975,341.090,0
160,16000000,100000,34081248,340.812,0
161,16100000,100000,34225752,342.258,0
162,16200000,100000,34034275,340.343,0
163,16300000,100000,34106922,341.069,0
164,16400000,100000,34199676,341.997,0
165,16500000,100000,34117513,341.175,0
166,16600000,100000,33956094,339.561,0
167,16700000,100000,34198548,341.985,0
168,16800000,100000,34185720,341.857,0
169,16900000,100000,33946014,339.460,0
170,17000000,100000,34214851,342.149,0
171,17100000,100000,34172160,341.722,0
172,17200000,100000,33972006,339.720,0
173,17300000,100000,34222117,342.221,0
174,17400000,100000,34142724,341.427,0
175,17500000,100000,34047582,340.476,0
176,17600000,100000,35672737,356.727,0
177,17700000,100000,34700154,347.002,0
178,17800000,100000,34795710,347.957,0
179,17900000,100000,34144903,341.449,0
180,18000000,100000,34146012,341.460,0
181,18100000,100000,34009146,340.091,0
182,18200000,100000,34079359,340.794,0
183,18300000,100000,33938022,339.380,0
184,18400000,100000,33971286,339.713,0
185,18500000,100000,34285099,342.851,0
186,18600000,100000,34429320,344.293,0
187,18700000,100000,34024920,340.249,0
188,18800000,100000,34206385,342.064,0
189,18900000,100000,34244610,342.446,0
190,19000000,100000,33952302,339.523,0
191,19100000,100000,34245211,342.452,0
192,19200000,100000,34168626,341.686,0
193,19300000,100000,34036614,340.366,0
194,19400000,100000,33953965,339.540,0
195,19500000,100000,34071204,340.712,0
196,19600000,100000,34380534,343.805,0
197,19700000,100000,33974203,339.742,0
198,19800000,100000,34136394,341.364,0
199,19900000,100000,34257810,342.578,0
200,20000000,100000,33977329,339.773,0
201,20100000,100000,34006314,340.063,0
202,20200000,100000,34286610,342.866,0
203,20300000,100000,34292383,342.924,0
204,20400000,100000,33954108,339.541,0
205,20500000,100000,34316106,343.161,0
206,20600000,100000,34094425,340.944,0
207,20700000,100000,33957864,339.579,0
208,20800000,100000,34348218,343.482,0
209,20900000,100000,33648217,336.482,0
210,21000000,100000,34742892,347.429,0
211,21100000,100000,34598244,345.982,0
212,21200000,100000,34187623,341.876,0
213,21300000,100000,34063962,340.640,0
214,21400000,100000,34130802,341.308,0
215,21500000,100000,34170961,341.710,0
216,21600000,100000,33934332,339.343,0
217,21700000,100000,33981006,339.810,0
218,21800000,100000,33924919,339.249,0
219,21900000,100000,34366074,343.661,0
220,22000000,100000,34390075,343.901,0
221,22100000,100000,34154448,341.544,0
222,22200000,100000,33973476,339.735,0
223,22300000,100000,34233763,342.338,0
224,22400000,100000,34203912,342.039,0
225,22500000,100000,33958170,339.582,0
226,22600000,100000,34293505,342.935,0
227,22700000,100000,34174740,341.747,0
228,22800000,100000,34046226,340.462,0
229,22900000,100000,34129909,341.299,0
230,23000000,100000,34261956,342.620,0
231,23100000,100000,33983820,339.838,0
232,23200000,100000,34055467,340.555,0
233,23300000,100000,34358760,343.588,0
234,23400000,100000,34244022,342.440,0
235,23500000,100000,33964759,339.648,0
236,23600000,100000,34284918,342.849,0
237,23700000,100000,34125516,341.255,0
238,23800000,100000,34004959,340.050,0
239,23900000,100000,34278522,342.785,0
240,24000000,100000,34098780,340.988,0
241,24100000,100000,34079311,340.793,0
242,24200000,100000,34037958,340.380,0
243,24300000,100000,36738528,367.385,0
244,24400000,100000,34366507,343.665,0
245,24500000,100000,34339812,343.398,0
246,24600000,100000,34090860,340.909,0
247,24700000,100000,34035643,340.356,0
248,24800000,100000,33942690,339.427,0
249,24900000,100000,34084104,340.841,0
250,25000000,100000,33972007,339.720,0
251,25100000,100000,33934338,339.343,0
252,25200000,100000,34455414,344.554,0
253,25300000,100000,36388885,363.889,0
254,25400000,100000,33924636,339.246,0
255,25500000,100000,34011108,340.111,0
256,25600000,100000,34124509,341.245,0
257,25700000,100000,34264812,342.648,0
258,25800000,100000,34029564,340.296,0
259,25900000,100000,33961339,339.613,0
260,26000000,100000,34272348,342.723,0
261,26100000,100000,34272979,342.730,0
262,26200000,100000,33958374,339.584,0
263,26300000,100000,34034214,340.342,0
264,26400000,100000,34217701,342.177,0
265,26500000,100000,34131420,341.314,0
266,26600000,100000,34026882,340.269,0
267,26700000,100000,34192069,341.921,0
268,26800000,100000,34102308,341.023,0
269,26900000,100000,34077504,340.775,0
270,27000000,100000,34149097,341.491,0
271,27100000,100000,34281414,342.814,0
272,27200000,100000,33954912,339.549,0
273,27300000,100000,34170241,341.702,0
274,27400000,100000,34252344,342.523,0
275,27500000,100000,33969438,339.694,0
276,27600000,100000,35897605,358.976,0
277,27700000,100000,34488648,344.886,0
278,27800000,100000,34812696,348.127,0
279,27900000,100000,34122781,341.228,0
280,28000000,100000,34150992,341.510,0
281,28100000,100000,34054920,340.549,0
282,28200000,100000,34038703,340.387,0
283,28300000,100000,33938820,339.388,0
284,28400000,100000,34072080,340.721,0
285,28500000,100000,34261681,342.617,0
286,28600000,100000,34298784,342.988,0
287,28700000,100000,34023714,340.237,0
288,28800000,100000,34220857,342.209,0
289,28900000,100000,34252398,342.524,0
290,29000000,100000,33962508,339.625,0
291,29100000,100000,34288933,342.889,0
292,29200000,100000,34191900,341.919,0
293,29300000,100000,33949632,339.496,0
294,29400000,100000,34239457,342.395,0
295,29500000,100000,34188786,341.888,0
296,29600000,100000,33961518,339.615,0
297,29700000,100000,34054813,340.548,0
298,29800000,100000,34228590,342.286,0
299,29900000,100000,34178466,341.785,0
300,30000000,100000,34020979,340.210,0
301,30100000,100000,34285542,342.855,0
302,30200000,100000,34162926,341.629,0
303,30300000,100000,33954313,339.543,0
304,30400000,100000,34277772,342.778,0
305,30500000,100000,34113072,341.131,0
306,30600000,100000,33965995,339.660,0
307,30700000,100000,34087548,340.875,0
308,30800000,100000,34275864,342.759,0
309,30900000,100000,33632515,336.325,0
310,31000000,100000,36719178,367.192,0
311,31100000,100000,34721509,347.215,0
312,31200000,100000,34089054,340.891,0
313,31300000,100000,34202040,342.020,0
314,31400000,100000,34048729,340.487,0
315,31500000,100000,34023648,340.236,0
316,31600000,100000,34079790,340.798,0
317,31700000,100000,33947641,339.476,0
318,31800000,100000,34023732,340.237,0
319,31900000,100000,34551036,345.510,0
320,32000000,100000,34324099,343.241,0
321,32100000,100000,33967098,339.671,0
322,32200000,100000,34137816,341.378,0
323,32300000,100000,34270021,342.700,0
324,32400000,100000,33968442,339.684,0
325,32500000,100000,34024380,340.244,0
326,32600000,100000,34257853,342.579,0
327,32700000,100000,34059330,340.593,0
328,32800000,100000,33954234,339.542,0
329,32900000,100000,34234477,342.345,0
330,33000000,100000,34254228,342.542,0
331,33100000,100000,34017708,340.177,0
332,33200000,100000,34078069,340.781,0
333,33300000,100000,34259796,342.598,0
334,33400000,100000,34034634,340.346,0
335,33500000,100000,33948703,339.487,0
336,33600000,100000,34268028,342.680,0
337,33700000,100000,34123356,341.234,0
338,33800000,100000,33955849,339.558,0
339,33900000,100000,34307028,343.070,0
340,34000000,100000,34127904,341.279,0
341,34100000,100000,33976033,339.760,0
342,34200000,100000,34064532,340.645,0
343,34300000,100000,36738390,367.384,0
344,34400000,100000,34516015,345.160,0
345,34500000,100000,34230798,342.308,0
346,34600000,100000,34053954,340.540,0
347,34700000,100000,34080235,340.802,0
348,34800000,100000,34003020,340.030,0
349,34900000,100000,34036176,340.362,0
350,35000000,100000,34061167,340.612,0
351,35100000,100000,33955140,339.551,0
352,35200000,100000,34450470,344.505,0
353,35300000,100000,34132735,341.327,0
354,35400000,100000,34282800,342.828,0
355,35500000,100000,34131660,341.317,0
356,35600000,100000,34012813,340.128,0
357,35700000,100000,34351794,343.518,0
358,35800000,100000,34122391,341.224,0
359,35900000,100000,34087446,340.874,0
360,36000000,100000,34269318,342.693,0
361,36100000,100000,34065439,340.654,0
362,36200000,100000,34009242,340.092,0
363,36300000,100000,34271208,342.712,0
364,36400000,100000,34054807,340.548,0
365,36500000,100000,33977652,339.777,0
366,36600000,100000,34045248,340.452,0
367,36700000,100000,34179091,341.791,0
368,36800000,100000,34117638,341.176,0
369,36900000,100000,34063860,340.639,0
370,37000000,100000,34206721,342.067,0
371,37100000,100000,34088208,340.882,0
372,37200000,100000,34053810,340.538,0
373,37300000,100000,34174765,341.748,0
374,37400000,100000,34091712,340.917,0
375,37500000,100000,34048386,340.484,0
376,37600000,100000,36447145,364.471,0
377,37700000,100000,33871626,338.716,0
378,37800000,100000,35001762,350.018,0
379,37900000,100000,34109239,341.092,0
380,38000000,100000,34115592,341.156,0
381,38100000,100000,34030854,340.309,0
382,38200000,100000,34018567,340.186,0
383,38300000,100000,33949068,339.491,0
384,38400000,100000,33997200,339.972,0
385,38500000,100000,34348735,343.487,0
386,38600000,100000,33862380,338.624,0
387,38700000,100000,34540482,345.405,0
388,38800000,100000,33989983,339.900,0
389,38900000,100000,34175334,341.753,0
390,39000000,100000,34217580,342.176,0
391,39100000,100000,34002385,340.024,0
392,39200000,100000,34120074,341.201,0
393,39300000,100000,34268802,342.688,0
394,39400000,100000,33977623,339.776,0
395,39500000,100000,33965142,339.651,0
396,39600000,100000,34286916,342.869,0
397,39700000,100000,34090969,340.910,0
398,39800000,100000,33992100,339.921,0
399,39900000,100000,34328328,343.283,0
400,40000000,100000,34102969,341.030,0
401,40100000,100000,33953808,339.538,0
402,40200000,100000,34017474,340.175,0
403,40300000,100000,34281511,342.815,0
404,40400000,100000,34066206,340.662,0
405,40500000,100000,34024968,340.250,0
406,40600000,100000,34274779,342.748,0
407,40700000,100000,34044732,340.447,0
408,40800000,100000,34081915,340.819,0
409,40900000,100000,34005774,340.058,0
410,41000000,100000,36784866,367.849,0
411,41100000,100000,34720711,347.207,0
412,41200000,100000,34083330,340.833,0
413,41300000,100000,34082514,340.825,0
414,41400000,100000,34120801,341.208,0
415,41500000,100000,34042440,340.424,0
416,41600000,100000,34064316,340.643,0
417,41700000,100000,33949735,339.497,0
418,41800000,100000,33936480,339.365,0
419,41900000,100000,34433028,344.330,0
420,42000000,100000,34156777,341.568,0
421,42100000,100000,34306722,343.067,0
422,42200000,100000,34072512,340.725,0
423,42300000,100000,34078177,340.782,0
424,42400000,100000,34261824,342.618,0
425,42500000,100000,33985404,339.854,0
426,42600000,100000,34097113,340.971,0
427,42700000,100000,34261626,342.616,0
428,42800000,100000,34013892,340.139,0
429,42900000,100000,34056799,340.568,0
430,43000000,100000,34265316,342.653,0
431,43100000,100000,34066998,340.670,0
432,43200000,100000,33965581,339.656,0
433,43300000,100000,34268196,342.682,0
434,43400000,100000,34109916,341.099,0
435,43500000,100000,33962419,339.624,0
436,43600000,100000,34222596,342.226,0
437,43700000,100000,34194000,341.940,0
438,43800000,100000,34092835,340.928,0
439,43900000,100000,34132368,341.324,0
440,44000000,100000,34305828,343.058,0
441,44100000,100000,34036057,340.361,0
442,44200000,100000,33952554,339.526,0
443,44300000,100000,36576792,365.768,0
444,44400000,100000,33840643,338.406,0
445,44500000,100000,34879944,348.799,0
446,44600000,100000,34121964,341.220,0
447,44700000,100000,34086313,340.863,0
448,44800000,100000,33933330,339.333,0
449,44900000,100000,34044348,340.443,0
450,45000000,100000,33979189,339.792,0
451,45100000,100000,33946944,339.469,0
452,45200000,100000,34416396,344.164,0
453,45300000,100000,34162885,341.629,0
454,45400000,100000,34172532,341.725,0
455,45500000,100000,34200415,342.004,0
456,45600000,100000,34046082,340.461,0
457,45700000,100000,34094922,340.949,0
458,45800000,100000,34212067,342.121,0
459,45900000,100000,34046826,340.468,0
460,46000000,100000,33995526,339.955,0
461,46100000,100000,34218265,342.183,0
462,46200000,100000,34127952,341.280,0
463,46300000,100000,33958164,339.582,0
464,46400000,100000,34161361,341.614,0
465,46500000,100000,34250988,342.510,0
466,46600000,100000,34113120,341.131,0
467,46700000,100000,34149625,341.496,0
468,46800000,100000,34165176,341.652,0
469,46900000,100000,34016094,340.161,0
470,47000000,100000,34015771,340.158,0
471,47100000,100000,34185612,341.856,0
472,47200000,100000,34254606,342.546,0
473,47300000,100000,33965161,339.652,0
474,47400000,100000,34196910,341.969,0
475,47500000,100000,34188600,341.886,0
476,47600000,100000,33522409,335.224,0
477,47700000,100000,36682104,366.821,0
478,47800000,100000,34822446,348.224,0
479,47900000,100000,34080271,340.803,0
480,48000000,100000,34156482,341.565,0
481,48100000,100000,34054098,340.541,0
482,48200000,100000,34109101,341.091,0
483,48300000,100000,33941106,339.411,0
484,48400000,100000,33953784,339.538,0
485,48500000,100000,34121923,341.219,0
486,48600000,100000,34386750,343.868,0
487,48700000,100000,34236306,342.363,0
488,48800000,100000,33960679,339.607,0
489,48900000,100000,34260420,342.604,0
490,49000000,100000,34142802,341.428,0
491,49100000,100000,33958309,339.583,0
492,49200000,100000,34262070,342.621,0
493,49300000,100000,34134588,341.346,0
494,49400000,100000,34090321,340.903,0
495,49500000,100000,34274364,342.744,0
496,49600000,100000,34120038,341.200,0
497,49700000,100000,33959707,339.597,0
498,49800000,100000,34161204,341.612,0
499,49900000,100000,34233192,342.332,0
500,50000000,100000,33955441,339.554,0
501,50100000,100000,34181136,341.811,0
502,50200000,100000,34253274,342.533,0
503,50300000,100000,33951181,339.512,0
504,50400000,100000,34092414,340.924,0
505,50500000,100000,34386859,343.869,0
506,50600000,100000,34074966,340.750,0
507,50700000,100000,33954600,339.546,0
508,50800000,100000,34197499,341.975,0
509,50900000,100000,33782334,337.823,0
510,51000000,100000,36663714,366.637,0
511,51100000,100000,34655527,346.555,0
512,51200000,100000,34071498,340.715,0
513,51300000,100000,34157262,341.573,0
514,51400000,100000,34114819,341.148,0
515,51500000,100000,33994482,339.945,0
516,51600000,100000,34016796,340.168,0
517,51700000,100000,33980251,339.803,0
518,51800000,100000,33926010,339.260,0
519,51900000,100000,34372032,343.720,0
520,52000000,100000,34424161,344.242,0
521,52100000,100000,34131180,341.312,0
522,52200000,100000,33956754,339.568,0
523,52300000,100000,34309057,343.091,0
524,52400000,100000,34109832,341.098,0
525,52500000,100000,34052286,340.523,0
526,52600000,100000,34205287,342.053,0
527,52700000,100000,34255182,342.552,0
528,52800000,100000,33988584,339.886,0
529,52900000,100000,34077265,340.773,0
530,53000000,100000,34266804,342.668,0
531,53100000,100000,33974232,339.742,0
532,53200000,100000,34136275,341.363,0
533,53300000,100000,34262658,342.627,0
534,53400000,100000,33963870,339.639,0
535,53500000,100000,33972775,339.728,0
536,53600000,100000,34278786,342.788,0
537,53700000,100000,34099002,340.990,0
538,53800000,100000,33968281,339.683,0
539,53900000,100000,34107648,341.076,0
540,54000000,100000,34268778,342.688,0
541,54100000,100000,34008547,340.085,0
542,54200000,100000,34009800,340.098,0
543,54300000,100000,36572340,365.723,0
544,54400000,100000,34465993,344.660,0
545,54500000,100000,34276356,342.764,0
546,54600000,100000,34180980,341.810,0
547,54700000,100000,34074745,340.747,0
548,54800000,100000,33946944,339.469,0
549,54900000,100000,34043862,340.439,0
550,55000000,100000,33984337,339.843,0
551,55100000,100000,33968394,339.684,0
552,55200000,100000,34407882,344.079,0
553,55300000,100000,34388419,343.884,0
554,55400000,100000,34220598,342.206,0
555,55500000,100000,34197427,341.974,0
556,55600000,100000,33997866,339.979,0
557,55700000,100000,34140132,341.401,0
558,55800000,100000,34221115,342.211,0
559,55900000,100000,34060164,340.602,0
560,56000000,100000,34141044,341.410,0
561,56100000,100000,34205881,342.059,0
562,56200000,100000,33989892,339.899,0
563,56300000,100000,34157196,341.572,0
564,56400000,100000,34189537,341.895,0
565,56500000,100000,34011852,340.119,0
566,56600000,100000,34021332,340.213,0
567,56700000,100000,34171255,341.713,0
568,56800000,100000,34141644,341.416,0
569,56900000,100000,34003380,340.034,0
570,57000000,100000,34210669,342.107,0
571,57100000,100000,34160388,341.604,0
572,57200000,100000,34012416,340.124,0
573,57300000,100000,34144351,341.444,0
574,57400000,100000,34145502,341.455,0
575,57500000,100000,34121382,341.214,0
576,57600000,100000,33508591,335.086,0
577,57700000,100000,36884382,368.844,0
578,57800000,100000,34803096,348.031,0
579,57900000,100000,34128427,341.284,0
580,58000000,100000,34088982,340.890,0
581,58100000,100000,34252932,342.529,0
582,58200000,100000,34041115,340.411,0
583,58300000,100000,34034730,340.347,0
584,58400000,100000,33983610,339.836,0
585,58500000,100000,34204177,342.042,0
586,58600000,100000,34424142,344.241,0
587,58700000,100000,34149810,341.498,0
588,58800000,100000,34125967,341.260,0
589,58900000,100000,34294716,342.947,0
590,59000000,100000,33977856,339.779,0
591,59100000,100000,34146403,341.464,0
592,59200000,100000,34168698,341.687,0
593,59300000,100000,34089162,340.892,0
594,59400000,100000,33950647,339.506,0
595,59500000,100000,34191264,341.913,0
596,59600000,100000,34200348,342.003,0
597,59700000,100000,33948607,339.486,0
598,59800000,100000,34218438,342.184,0
599,59900000,100000,34199760,341.998,0
600,60000000,100000,34047967,340.480,0
601,60100000,100000,34120206,341.202,0
602,60200000,100000,34318206,343.182,0
603,60300000,100000,33980286,339.803,0
604,60400000,100000,34059276,340.593,0
605,60500000,100000,34278055,342.781,0
606,60600000,100000,33978342,339.783,0
607,60700000,100000,34093722,340.937,0
608,60800000,100000,34260163,342.602,0
609,60900000,100000,33683160,336.832,0
610,61000000,100000,36724002,367.240,0
611,61100000,100000,34835893,348.359,0
612,61200000,100000,34146948,341.469,0
613,61300000,100000,34084872,340.849,0
614,61400000,100000,34075963,340.760,0
615,61500000,100000,33949368,339.494,0
616,61600000,100000,34013160,340.132,0
617,61700000,100000,34012939,340.129,0
618,61800000,100000,33903060,339.031,0
619,61900000,100000,39533526,395.335,0
620,62000000,100000,34940101,349.401,0
621,62100000,100000,34024902,340.249,0
622,62200000,100000,34141446,341.414,0
623,62300000,100000,34270741,342.707,0
624,62400000,100000,33958920,339.589,0
625,62500000,100000,34160508,341.605,0
626,62600000,100000,34238209,342.382,0
627,62700000,100000,33957576,339.576,0
628,62800000,100000,34155114,341.551,0
629,62900000,100000,34229935,342.299,0
630,63000000,100000,33969066,339.691,0
631,63100000,100000,34037868,340.379,0
632,63200000,100000,34372147,343.721,0
633,63300000,100000,34098456,340.985,0
634,63400000,100000,34018314,340.183,0
635,63500000,100000,34260643,342.606,0
636,63600000,100000,34025238,340.252,0
637,63700000,100000,34055346,340.553,0
638,63800000,100000,34326571,343.266,0
639,63900000,100000,34021350,340.214,0
640,64000000,100000,34125372,341.254,0
641,64100000,100000,34253929,342.539,0
642,64200000,100000,33769554,337.696,0
643,64300000,100000,36649597,366.496,0
644,64400000,100000,34702308,347.023,0
645,64500000,100000,34076508,340.765,0
646,64600000,100000,34136059,341.361,0
647,64700000,100000,33996090,339.961,0
648,64800000,100000,33955014,339.550,0
649,64900000,100000,34085617,340.856,0
650,65000000,100000,33923988,339.240,0
651,65100000,100000,34058358,340.584,0
652,65200000,100000,34429687,344.297,0
653,65300000,100000,34272780,342.728,0
654,65400000,100000,34234116,342.341,0
655,65500000,100000,33966763,339.668,0
656,65600000,100000,34180704,341.807,0
657,65700000,100000,34250292,342.503,0
658,65800000,100000,34070053,340.701,0
659,65900000,100000,34076646,340.766,0
660,66000000,100000,34267368,342.674,0
661,66100000,100000,33979201,339.792,0
662,66200000,100000,33953940,339.539,0
663,66300000,100000,34289490,342.895,0
664,66400000,100000,34101787,341.018,0
665,66500000,100000,34030518,340.305,0
666,66600000,100000,34292016,342.920,0
667,66700000,100000,34085707,340.857,0
668,66800000,100000,33984498,339.845,0
669,66900000,100000,34289910,342.899,0
670,67000000,100000,34342879,343.429,0
671,67100000,100000,33959856,339.599,0
672,67200000,100000,34193022,341.930,0
673,67300000,100000,34208731,342.087,0
674,67400000,100000,33980592,339.806,0
675,67500000,100000,34081992,340.820,0
676,67600000,100000,36560911,365.609,0
677,67700000,100000,33829170,338.292,0
678,67800000,100000,34896708,348.967,0
679,67900000,100000,34182865,341.829,0
680,68000000,100000,34015572,340.156,0
681,68100000,100000,34119726,341.197,0
682,68200000,100000,34002871,340.029,0
683,68300000,100000,33967542,339.675,0
684,68400000,100000,33997932,339.979,0
685,68500000,100000,34311505,343.115,0
686,68600000,100000,34241190,342.412,0
687,68700000,100000,34074366,340.744,0
688,68800000,100000,34209739,342.097,0
689,68900000,100000,34111506,341.115,0
690,69000000,100000,34025011,340.250,0
691,69100000,100000,34206498,342.065,0
692,69200000,100000,34162638,341.626,0
693,69300000,100000,34065973,340.660,0
694,69400000,100000,34192140,341.921,0
695,69500000,100000,34115976,341.160,0
696,69600000,100000,34040635,340.406,0
697,69700000,100000,34195944,341.959,0
698,69800000,100000,34110384,341.104,0
699,69900000,100000,33957853,339.579,0
700,70000000,100000,34216020,342.160,0
701,70100000,100000,34243794,342.438,0
702,70200000,100000,33963391,339.634,0
703,70300000,100000,34157856,341.579,0
704,70400000,100000,34250130,342.501,0
705,70500000,100000,34036579,340.366,0
706,70600000,100000,34155636,341.556,0
707,70700000,100000,34148016,341.480,0
708,70800000,100000,34058911,340.589,0
709,70900000,100000,35723436,357.234,0
710,71000000,100000,34716822,347.168,0
711,71100000,100000,34786405,347.864,0
712,71200000,100000,34164732,341.647,0
713,71300000,100000,34012608,340.126,0
714,71400000,100000,34015927,340.159,0
715,71500000,100000,34001508,340.015,0
716,71600000,100000,33962214,339.622,0
717,71700000,100000,33943849,339.438,0
718,71800000,100000,34234632,342.346,0
719,71900000,100000,36610626,366.106,0
720,72000000,100000,34896265,348.963,0
721,72100000,100000,34079850,340.798,0
722,72200000,100000,34284252,342.843,0
723,72300000,100000,34008835,340.088,0
724,72400000,100000,34167432,341.674,0
725,72500000,100000,34004592,340.046,0
726,72600000,100000,34259833,342.598,0
727,72700000,100000,34024092,340.241,0
728,72800000,100000,34173048,341.730,0
729,72900000,100000,34270753,342.708,0
730,73000000,100000,34055262,340.553,0
731,73100000,100000,34099776,340.998,0
732,73200000,100000,34270213,342.702,0
733,73300000,100000,34068714,340.687,0
734,73400000,100000,33967302,339.673,0
735,73500000,100000,34265365,342.654,0
736,73600000,100000,34155684,341.557,0
737,73700000,100000,33948241,339.482,0
738,73800000,100000,34214862,342.149,0
739,73900000,100000,34185954,341.860,0
740,74000000,100000,33977251,339.773,0
741,74100000,100000,34209180,342.092,0
742,74200000,100000,33781812,337.818,0
743,74300000,100000,36692407,366.924,0
744,74400000,100000,34735482,347.355,0
745,74500000,100000,34069392,340.694,0
746,74600000,100000,34151815,341.518,0
747,74700000,100000,34187664,341.877,0
748,74800000,100000,33959196,339.592,0
749,74900000,100000,34041865,340.419,0
750,75000000,100000,33976542,339.765,0
751,75100000,100000,33937218,339.372,0
752,75200000,100000,44284465,442.845,0
753,75300000,100000,34047690,340.477,0
754,75400000,100000,34039332,340.393,0
755,75500000,100000,34151317,341.513,0
756,75600000,100000,34429614,344.296,0
757,75700000,100000,33966024,339.660,0
758,75800000,100000,34064713,340.647,0
759,75900000,100000,34206804,342.068,0
760,76000000,100000,33921168,339.212,0
761,76100000,100000,34188415,341.884,0
762,76200000,100000,34291002,342.910,0
763,76300000,100000,33989724,339.897,0
764,76400000,100000,33998365,339.984,0
765,76500000,100000,34224906,342.249,0
766,76600000,100000,33964494,339.645,0
767,76700000,100000,34002835,340.028,0
768,76800000,100000,34237512,342.375,0
769,76900000,100000,34056582,340.566,0
770,77000000,100000,33996919,339.969,0
771,77100000,100000,34318566,343.186,0
772,77200000,100000,34048411,340.484,0
773,77300000,100000,33938076,339.381,0
774,77400000,100000,34131822,341.318,0
775,77500000,100000,33690109,336.901,0
776,77600000,100000,34592658,345.927,0
777,77700000,100000,34040856,340.409,0
778,77800000,100000,34257619,342.576,0
779,77900000,100000,34204548,342.045,0
780,78000000,100000,34124394,341.244,0
781,78100000,100000,34002301,340.023,0
782,78200000,100000,34019814,340.198,0
783,78300000,100000,34046580,340.466,0
784,78400000,100000,34148455,341.485,0
785,78500000,100000,34299870,342.999,0
786,78600000,100000,34243902,342.439,0
787,78700000,100000,33930895,339.309,0
788,78800000,100000,34078014,340.780,0
789,78900000,100000,34230834,342.308,0
790,79000000,100000,33987973,339.880,0
791,79100000,100000,33913194,339.132,0
792,79200000,100000,34193394,341.934,0
793,79300000,100000,34028935,340.289,0
794,79400000,100000,33911670,339.117,0
795,79500000,100000,34162080,341.621,0
796,79600000,100000,34190725,341.907,0
797,79700000,100000,33921000,339.210,0
798,79800000,100000,34083624,340.836,0
799,79900000,100000,34192147,341.921,0
800,80000000,100000,33922518,339.225,0
801,80100000,100000,34035600,340.356,0
802,80200000,100000,34241695,342.417,0
803,80300000,100000,34026750,340.267,0
804,80400000,100000,33947742,339.477,0
805,80500000,100000,34285693,342.857,0
806,80600000,100000,33976704,339.767,0
807,80700000,100000,33972720,339.727,0
808,80800000,100000,33868555,338.686,0
809,80900000,100000,34555344,345.553,0
810,81000000,100000,34077228,340.772,0
811,81100000,100000,34165201,341.652,0
812,81200000,100000,34232748,342.327,0
813,81300000,100000,34155426,341.554,0
814,81400000,100000,34341169,343.412,0
815,81500000,100000,34066140,340.661,0
816,81600000,100000,34173882,341.739,0
817,81700000,100000,33970627,339.706,0
818,81800000,100000,34288836,342.888,0
819,81900000,100000,33971028,339.710,0
820,82000000,100000,34111141,341.111,0
821,82100000,100000,34194588,341.946,0
822,82200000,100000,33932370,339.324,0
823,82300000,100000,34171021,341.710,0
824,82400000,100000,34106226,341.062,0
825,82500000,100000,33921876,339.219,0
826,82600000,100000,34168267,341.683,0
827,82700000,100000,34183770,341.838,0
828,82800000,100000,33976590,339.766,0
829,82900000,100000,34184551,341.846,0
830,83000000,100000,34172664,341.727,0
831,83100000,100000,33935617,339.356,0
832,83200000,100000,34118238,341.182,0
833,83300000,100000,34198980,341.990,0
834,83400000,100000,33979369,339.794,0
835,83500000,100000,34038900,340.389,0
836,83600000,100000,34164498,341.645,0
837,83700000,100000,34020685,340.207,0
838,83800000,100000,34047024,340.470,0
839,83900000,100000,34158150,341.582,0
840,84000000,100000,34012915,340.129,0
841,84100000,100000,33966522,339.665,0
842,84200000,100000,34422462,344.225,0
843,84300000,100000,33928849,339.288,0
844,84400000,100000,34286298,342.863,0
845,84500000,100000,34252320,342.523,0
846,84600000,100000,34091299,340.913,0
847,84700000,100000,33990498,339.905,0
848,84800000,100000,34055730,340.557,0
849,84900000,100000,34062067,340.621,0
850,85000000,100000,33977298,339.773,0
851,85100000,100000,34416108,344.161,0
852,85200000,100000,33589489,335.895,0
853,85300000,100000,34307436,343.074,0
854,85400000,100000,34140924,341.409,0
855,85500000,100000,34139365,341.394,0
856,85600000,100000,33908046,339.080,0
857,85700000,100000,34069506,340.695,0
858,85800000,100000,34232623,342.326,0
859,85900000,100000,34063974,340.640,0
860,86000000,100000,33964182,339.642,0
861,86100000,100000,34070899,340.709,0
862,86200000,100000,34181538,341.815,0
863,86300000,100000,33927966,339.280,0
864,86400000,100000,34100437,341.004,0
865,86500000,100000,34265460,342.655,0
866,86600000,100000,33918912,339.189,0
867,86700000,100000,34028539,340.285,0
868,86800000,100000,34256472,342.565,0
869,86900000,100000,34063776,340.638,0
870,87000000,100000,34039573,340.396,0
871,87100000,100000,34186998,341.870,0
872,87200000,100000,34108044,341.080,0
873,87300000,100000,34231519,342.315,0
874,87400000,100000,34306428,343.064,0
875,87500000,100000,33651144,336.511,0
876,87600000,100000,34704031,347.040,0
877,87700000,100000,34260138,342.601,0
878,87800000,100000,34220910,342.209,0
879,87900000,100000,34189507,341.895,0
880,88000000,100000,34120752,341.208,0
881,88100000,100000,34107588,341.076,0
882,88200000,100000,33998251,339.983,0
883,88300000,100000,34003752,340.038,0
884,88400000,100000,34284390,342.844,0
885,88500000,100000,34011301,340.113,0
886,88600000,100000,34281702,342.817,0
887,88700000,100000,34067353,340.674,0
888,88800000,100000,33966876,339.669,0
889,88900000,100000,34243638,342.436,0
890,89000000,100000,33973099,339.731,0
891,89100000,100000,33913410,339.134,0
892,89200000,100000,34159920,341.599,0
893,89300000,100000,34156141,341.561,0
894,89400000,100000,34012644,340.126,0
895,89500000,100000,34149054,341.491,0
896,89600000,100000,34143097,341.431,0
897,89700000,100000,33960942,339.609,0
898,89800000,100000,34031064,340.311,0
899,89900000,100000,34330153,343.302,0
900,90000000,100000,33920946,339.209,0
901,90100000,100000,34012350,340.123,0
902,90200000,100000,34308553,343.086,0
903,90300000,100000,34088520,340.885,0
904,90400000,100000,34029942,340.299,0
905,90500000,100000,34226041,342.260,0
906,90600000,100000,34031082,340.311,0
907,90700000,100000,33917904,339.179,0
908,90800000,100000,33924565,339.246,0
909,90900000,100000,34560528,345.605,0
910,91000000,100000,33951846,339.518,0
911,91100000,100000,34229629,342.296,0
912,91200000,100000,34079982,340.800,0
913,91300000,100000,34300806,343.008,0
914,91400000,100000,34043623,340.436,0
915,91500000,100000,33990570,339.906,0
916,91600000,100000,34213068,342.131,0
917,91700000,100000,34063747,340.637,0
918,91800000,100000,34286436,342.864,0
919,91900000,100000,33956130,339.561,0
920,92000000,100000,34209217,342.092,0
921,92100000,100000,34133424,341.334,0
922,92200000,100000,34089180,340.892,0
923,92300000,100000,34230193,342.302,0
924,92400000,100000,34147740,341.477,0
925,92500000,100000,33935178,339.352,0
926,92600000,100000,34100641,341.006,0
927,92700000,100000,34156020,341.560,0
928,92800000,100000,34062138,340.621,0
929,92900000,100000,33940501,339.405,0
930,93000000,100000,34138668,341.387,0
931,93100000,100000,34315938,343.159,0
932,93200000,100000,33919873,339.199,0
933,93300000,100000,34165116,341.651,0
934,93400000,100000,34109592,341.096,0
935,93500000,100000,33982183,339.822,0
936,93600000,100000,33974868,339.749,0
937,93700000,100000,34223376,342.234,0
938,93800000,100000,33972679,339.727,0
939,93900000,100000,34014474,340.145,0
940,94000000,100000,34253904,342.539,0
941,94100000,100000,34024933,340.249,0
942,94200000,100000,33478350,334.784,0
943,94300000,100000,34753584,347.536,0
944,94400000,100000,34230187,342.302,0
945,94500000,100000,34186680,341.867,0
946,94600000,100000,34124725,341.247,0
947,94700000,100000,34073106,340.731,0
948,94800000,100000,33997302,339.973,0
949,94900000,100000,34039879,340.399,0
950,95000000,100000,34086648,340.866,0
951,95100000,100000,34423722,344.237,0
952,95200000,100000,33637309,336.373,0
953,95300000,100000,34388208,343.882,0
954,95400000,100000,33932334,339.323,0
955,95500000,100000,34163023,341.630,0
956,95600000,100000,34154652,341.547,0
957,95700000,100000,33933438,339.334,0
958,95800000,100000,34110565,341.106,0
959,95900000,100000,34174020,341.740,0
960,96000000,100000,33958098,339.581,0
961,96100000,100000,33947563,339.476,0
962,96200000,100000,34303158,343.032,0
963,96300000,100000,34009134,340.091,0
964,96400000,100000,33931639,339.316,0
965,96500000,100000,34131672,341.317,0
966,96600000,100000,34142946,341.429,0
967,96700000,100000,33977863,339.779,0
968,96800000,100000,34230402,342.304,0
969,96900000,100000,34155258,341.553,0
970,97000000,100000,33911947,339.119,0
971,97100000,100000,34118208,341.182,0
972,97200000,100000,34178418,341.784,0
973,97300000,100000,33925513,339.255,0
974,97400000,100000,34101180,341.012,0
975,97500000,100000,33915678,339.157,0
976,97600000,100000,34708039,347.080,0
977,97700000,100000,34200096,342.001,0
978,97800000,100000,34164006,341.640,0
979,97900000,100000,34184299,341.843,0
980,98000000,100000,34136040,341.360,0
981,98100000,100000,34060188,340.602,0
982,98200000,100000,34092847,340.928,0
983,98300000,100000,34112466,341.125,0
984,98400000,100000,34163760,341.638,0
985,98500000,100000,34170631,341.706,0
986,98600000,100000,33988098,339.881,0
987,98700000,100000,34177164,341.772,0
988,98800000,100000,34006735,340.067,0
989,98900000,100000,34075386,340.754,0
990,99000000,100000,34470906,344.709,0
991,99100000,100000,33984043,339.840,0
992,99200000,100000,34050744,340.507,0
993,99300000,100000,34224354,342.244,0
994,99400000,100000,33973171,339.732,0
995,99500000,100000,33915996,339.160,0
996,99600000,100000,34018386,340.184,0
997,99700000,100000,34232257,342.323,0
998,99800000,100000,34017564,340.176,0
999,99900000,100000,34013184,340.132,0
1000,100000000,100000,34159933,341.599,0
1001,100100000,100000,34070244,340.702,0
1002,100200000,100000,34048555,340.486,0
1003,100300000,100000,34170720,341.707,0
1004,100400000,100000,34212198,342.122,0
1005,100500000,100000,33931243,339.312,0
1006,100600000,100000,34183152,341.832,0
1007,100700000,100000,34146666,341.467,0
1008,100800000,100000,33936607,339.366,0
1009,100900000,100000,34255416,342.554,0
1010,101000000,100000,33956730,339.567,0
1011,101100000,100000,34277809,342.778,0
1012,101200000,100000,34251732,342.517,0
1013,101300000,100000,34018350,340.183,0
1014,101400000,100000,34006081,340.061,0
1015,101500000,100000,34088172,340.882,0
1016,101600000,100000,34042620,340.426,0
1017,101700000,100000,34034275,340.343,0
1018,101800000,100000,34406640,344.066,0
1019,101900000,100000,33719910,337.199,0
1020,102000000,100000,34412791,344.128,0
1021,102100000,100000,34106202,341.062,0
1022,102200000,100000,34197696,341.977,0
1023,102300000,100000,33991621,339.916,0
1024,102400000,100000,34093902,340.939,0
1025,102500000,100000,34190574,341.906,0
1026,102600000,100000,33965659,339.657,0
1027,102700000,100000,34096848,340.968,0
1028,102800000,100000,34147854,341.479,0
1029,102900000,100000,33927805,339.278,0
1030,103000000,100000,33913044,339.130,0
1031,103100000,100000,34149162,341.492,0
1032,103200000,100000,34161883,341.619,0
1033,103300000,100000,34002276,340.023,0
1034,103400000,100000,34118256,341.183,0
1035,103500000,100000,34155523,341.555,0
1036,103600000,100000,33998652,339.987,0
1037,103700000,100000,34124376,341.244,0
1038,103800000,100000,34243141,342.431,0
1039,103900000,100000,33987738,339.877,0
1040,104000000,100000,34060122,340.601,0
1041,104100000,100000,34217599,342.176,0
1042,104200000,100000,33710574,337.106,0
1043,104300000,100000,34636182,346.362,0
1044,104400000,100000,34201849,342.018,0
1045,104500000,100000,34156038,341.560,0
1046,104600000,100000,34131282,341.313,0
1047,104700000,100000,34012435,340.124,0
1048,104800000,100000,34093632,340.936,0
1049,104900000,100000,34261710,342.617,0
1050,105000000,100000,34027165,340.272,0
1051,105100000,100000,34260834,342.608,0
1052,105200000,100000,34308990,343.090,0
1053,105300000,100000,33963991,339.640,0
1054,105400000,100000,34070910,340.709,0
1055,105500000,100000,34284930,342.849,0
1056,105600000,100000,33924163,339.242,0
1057,105700000,100000,34184004,341.840,0
1058,105800000,100000,34144170,341.442,0
1059,105900000,100000,33990823,339.908,0
1060,106000000,100000,33957690,339.577,0
1061,106100000,100000,34112935,341.129,0
1062,106200000,100000,34129014,341.290,0
1063,106300000,100000,34027170,340.272,0
1064,106400000,100000,34137937,341.379,0
1065,106500000,100000,34047606,340.476,0
1066,106600000,100000,34027722,340.277,0
1067,106700000,100000,33975907,339.759,0
1068,106800000,100000,34181250,341.812,0
1069,106900000,100000,34083516,340.835,0
1070,107000000,100000,33911275,339.113,0
1071,107100000,100000,34161720,341.617,0
1072,107200000,100000,34102644,341.026,0
1073,107300000,100000,33943825,339.438,0
1074,107400000,100000,34154502,341.545,0
1075,107500000,100000,33763050,337.630,0
1076,107600000,100000,34623061,346.231,0
1077,107700000,100000,34226778,342.268,0
1078,107800000,100000,34216242,342.162,0
1079,107900000,100000,34303057,343.031,0
1080,108000000,100000,34156932,341.569,0
1081,108100000,100000,33977814,339.778,0
1082,108200000,100000,34052953,340.530,0
1083,108300000,100000,34042308,340.423,0
1084,108400000,100000,34189680,341.897,0
1085,108500000,100000,34031929,340.319,0
1086,108600000,100000,34114266,341.143,0
1087,108700000,100000,34134618,341.346,0
1088,108800000,100000,33911173,339.112,0
1089,108900000,100000,34200402,342.004,0
1090,109000000,100000,34114068,341.141,0
1091,109100000,100000,33974887,339.749,0
1092,109200000,100000,34187004,341.870,0
1093,109300000,100000,34174494,341.745,0
1094,109400000,100000,33996763,339.968,0
1095,109500000,100000,34246344,342.463,0
1096,109600000,100000,34098900,340.989,0
1097,109700000,100000,33997303,339.973,0
1098,109800000,100000,34122744,341.227,0
1099,109900000,100000,34053366,340.534,0
1100,110000000,100000,34119175,341.192,0
1101,110100000,100000,33976080,339.761,0
1102,110200000,100000,34249554,342.496,0
1103,110300000,100000,34112881,341.129,0
1104,110400000,100000,33931806,339.318,0
1105,110500000,100000,34194594,341.946,0
1106,110600000,100000,34057597,340.576,0
1107,110700000,100000,34162788,341.628,0
1108,110800000,100000,33993288,339.933,0
1109,110900000,100000,34580041,345.800,0
1110,111000000,100000,33770130,337.701,0
1111,111100000,100000,34309644,343.096,0
1112,111200000,100000,34172605,341.726,0
1113,111300000,100000,34159278,341.593,0
1114,111400000,100000,34132758,341.328,0
1115,111500000,100000,33992869,339.929,0
1116,111600000,100000,33984606,339.846,0
1117,111700000,100000,34009134,340.091,0
1118,111800000,100000,34365522,343.655,0
1119,111900000,100000,33782898,337.829,0
1120,112000000,100000,34219945,342.199,0
1121,112100000,100000,34234158,342.342,0
1122,112200000,100000,33932106,339.321,0
1123,112300000,100000,34058839,340.588,0
1124,112400000,100000,34182714,341.827,0
1125,112500000,100000,33948540,339.485,0
1126,112600000,100000,33916783,339.168,0
1127,112700000,100000,34072716,340.727,0
1128,112800000,100000,34099770,340.998,0
1129,112900000,100000,34059139,340.591,0
1130,113000000,100000,33932232,339.322,0
1131,113100000,100000,34330878,343.309,0
1132,113200000,100000,34002733,340.027,0
1133,113300000,100000,33956766,339.568,0
1134,113400000,100000,34111656,341.117,0
1135,113500000,100000,34125985,341.260,0
1136,113600000,100000,34014012,340.140,0
1137,113700000,100000,33949278,339.493,0
1138,113800000,100000,34281589,342.816,0
1139,113900000,100000,34001940,340.019,0
1140,114000000,100000,33950730,339.507,0
1141,114100000,100000,34228573,342.286,0
1142,114200000,100000,33568638,335.686,0
1143,114300000,100000,34612620,346.126,0
1144,114400000,100000,34146433,341.464,0
1145,114500000,100000,34089804,340.898,0
1146,114600000,100000,34298976,342.990,0
1147,114700000,100000,34004329,340.043,0
1148,114800000,100000,34110816,341.108,0
1149,114900000,100000,33970146,339.701,0
1150,115000000,100000,34059289,340.593,0
1151,115100000,100000,34267356,342.674,0
1152,115200000,100000,33879582,338.796,0
1153,115300000,100000,34189051,341.891,0
1154,115400000,100000,34117734,341.177,0
1155,115500000,100000,33927810,339.278,0
1156,115600000,100000,34157887,341.579,0
1157,115700000,100000,34110960,341.110,0
1158,115800000,100000,33988368,339.884,0
1159,115900000,100000,34180843,341.808,0
1160,116000000,100000,34131498,341.315,0
1161,116100000,100000,33937464,339.375,0
1162,116200000,100000,34133659,341.337,0
1163,116300000,100000,34136724,341.367,0
1164,116400000,100000,33913836,339.138,0
1165,116500000,100000,34019065,340.191,0
1166,116600000,100000,34372488,343.725,0
1167,116700000,100000,34087962,340.880,0
1168,116800000,100000,33955495,339.555,0
1169,116900000,100000,34146030,341.460,0
1170,117000000,100000,34116426,341.164,0
1171,117100000,100000,34023151,340.232,0
1172,117200000,100000,34169688,341.697,0
1173,117300000,100000,34092558,340.926,0
1174,117400000,100000,34002913,340.029,0
1175,117500000,100000,33953688,339.537,0
1176,117600000,100000,34437216,344.372,0
1177,117700000,100000,33879217,338.792,0
1178,117800000,100000,34262454,342.625,0
1179,117900000,100000,34221055,342.211,0
1180,118000000,100000,34183566,341.836,0
1181,118100000,100000,34038006,340.380,0
1182,118200000,100000,34080433,340.804,0
1183,118300000,100000,34068456,340.685,0
1184,118400000,100000,34037622,340.376,0
1185,118500000,100000,34362517,343.625,0
1186,118600000,100000,33879768,338.798,0
1187,118700000,100000,34209270,342.093,0
1188,118800000,100000,34250497,342.505,0
1189,118900000,100000,33951246,339.512,0
1190,119000000,100000,34099620,340.996,0
1191,119100000,100000,34152121,341.521,0
1192,119200000,100000,33942558,339.426,0
1193,119300000,100000,33995388,339.954,0
1194,119400000,100000,34205737,342.057,0
1195,119500000,100000,34105806,341.058,0
1196,119600000,100000,33935064,339.351,0
1197,119700000,100000,34207285,342.073,0
1198,119800000,100000,34113852,341.139,0
1199,119900000,100000,33975900,339.759,0
1200,120000000,100000,34153003,341.530,0
1201,120100000,100000,34194900,341.949,0
1202,120200000,100000,33918072,339.181,0
1203,120300000,100000,34017997,340.180,0
1204,120400000,100000,34064754,340.648,0
1205,120500000,100000,34091106,340.911,0
1206,120600000,100000,34019647,340.196,0
1207,120700000,100000,34173336,341.733,0
1208,120800000,100000,34188858,341.889,0
1209,120900000,100000,33490231,334.902,0
1210,121000000,100000,34657464,346.575,0
1211,121100000,100000,34300242,343.002,0
1212,121200000,100000,34172161,341.722,0
1213,121300000,100000,34148778,341.488,0
1214,121400000,100000,34068756,340.688,0
1215,121500000,100000,34077841,340.778,0
1216,121600000,100000,34059600,340.596,0
1217,121700000,100000,34021596,340.216,0
1218,121800000,100000,34443199,344.432,0
1219,121900000,100000,33659292,336.593,0
1220,122000000,100000,34346784,343.468,0
1221,122100000,100000,33938509,339.385,0
1222,122200000,100000,34241844,342.418,0
1223,122300000,100000,34205604,342.056,0
1224,122400000,100000,34155121,341.551,0
1225,122500000,100000,34155426,341.554,0
1226,122600000,100000,34174422,341.744,0
1227,122700000,100000,33957727,339.577,0
1228,122800000,100000,34178352,341.784,0
1229,122900000,100000,34109964,341.100,0
1230,123000000,100000,33977125,339.771,0
1231,123100000,100000,34050240,340.502,0
1232,123200000,100000,34212504,342.125,0
1233,123300000,100000,33960073,339.601,0
1234,123400000,100000,34017078,340.171,0
1235,123500000,100000,34238833,342.388,0
1236,123600000,100000,33921690,339.217,0
1237,123700000,100000,33919086,339.191,0
1238,123800000,100000,34191427,341.914,0
1239,123900000,100000,34077714,340.777,0
1240,124000000,100000,33936480,339.365,0
1241,124100000,100000,34065907,340.659,0
1242,124200000,100000,33769776,337.698,0
1243,124300000,100000,34605906,346.059,0
1244,124400000,100000,34056529,340.565,0
1245,124500000,100000,34248030,342.480,0
1246,124600000,100000,34182366,341.824,0
1247,124700000,100000,34208521,342.085,0
1248,124800000,100000,33993924,339.939,0
1249,124900000,100000,34048236,340.482,0
1250,125000000,100000,34030003,340.300,0
1251,125100000,100000,34099374,340.994,0
1252,125200000,100000,34298976,342.990,0
1253,125300000,100000,34248829,342.488,0
1254,125400000,100000,34024170,340.242,0
1255,125500000,100000,34230882,342.309,0
1256,125600000,100000,34108945,341.089,0
1257,125700000,100000,33929844,339.298,0
1258,125800000,100000,34056324,340.563,0
1259,125900000,100000,34212781,342.128,0
1260,126000000,100000,33916896,339.169,0
1261,126100000,100000,33933612,339.336,0
1262,126200000,100000,34223443,342.234,0
1263,126300000,100000,34017432,340.174,0
1264,126400000,100000,33941874,339.419,0
1265,126500000,100000,34216069,342.161,0
1266,126600000,100000,34015998,340.160,0
1267,126700000,100000,33920610,339.206,0
1268,126800000,100000,34151959,341.520,0
1269,126900000,100000,34152084,341.521,0
1270,127000000,100000,33965814,339.658,0
1271,127100000,100000,34145755,341.458,0
1272,127200000,100000,34154700,341.547,0
1273,127300000,100000,33910734,339.107,0
1274,127400000,100000,33964249,339.642,0
1275,127500000,100000,33905934,339.059,0
1276,127600000,100000,34583088,345.831,0
1277,127700000,100000,34037833,340.378,0
1278,127800000,100000,34122282,341.223,0
1279,127900000,100000,34299216,342.992,0
1280,128000000,100000,34142839,341.428,0
1281,128100000,100000,33991356,339.914,0
1282,128200000,100000,34018476,340.185,0
1283,128300000,100000,34198615,341.986,0
1284,128400000,100000,34128126,341.281,0
1285,128500000,100000,34288872,342.889,0
1286,128600000,100000,34040881,340.409,0
1287,128700000,100000,34187526,341.875,0
1288,128800000,100000,34108428,341.084,0
1289,128900000,100000,33981637,339.816,0
1290,129000000,100000,34295274,342.953,0
1291,129100000,100000,33975582,339.756,0
1292,129200000,100000,33975391,339.754,0
1293,129300000,100000,34228152,342.282,0
1294,129400000,100000,33969355,339.694,0
1295,129500000,100000,34044804,340.448,0
1296,129600000,100000,34228302,342.283,0
1297,129700000,100000,33973609,339.736,0
1298,129800000,100000,34020810,340.208,0
1299,129900000,100000,34156278,341.563,0
1300,130000000,100000,34238029,342.380,0
1301,130100000,100000,34031802,340.318,0
1302,130200000,100000,34145094,341.451,0
1303,130300000,100000,34116043,341.160,0
1304,130400000,100000,33920352,339.204,0
1305,130500000,100000,34152372,341.524,0
1306,130600000,100000,33980497,339.805,0
1307,130700000,100000,34045230,340.452,0
1308,130800000,100000,34016580,340.166,0
1309,130900000,100000,34314193,343.142,0
1310,131000000,100000,33964476,339.645,0
1311,131100000,100000,34243026,342.430,0
1312,131200000,100000,34102327,341.023,0
1313,131300000,100000,34268964,342.690,0
1314,131400000,100000,34116252,341.163,0
1315,131500000,100000,34052287,340.523,0
1316,131600000,100000,34047582,340.476,0
1317,131700000,100000,33961578,339.616,0
1318,131800000,100000,34467133,344.671,0
1319,131900000,100000,33543156,335.432,0
1320,132000000,100000,34366746,343.667,0
1321,132100000,100000,34049455,340.495,0
1322,132200000,100000,34280442,342.804,0
1323,132300000,100000,33968286,339.683,0
1324,132400000,100000,34086739,340.867,0
1325,132500000,100000,34139664,341.397,0
1326,132600000,100000,34007526,340.075,0
1327,132700000,100000,33961477,339.615,0
1328,132800000,100000,34115100,341.151,0
1329,132900000,100000,34113834,341.138,0
1330,133000000,100000,34010227,340.102,0
1331,133100000,100000,34231794,342.318,0
1332,133200000,100000,34148496,341.485,0
1333,133300000,100000,33912835,339.128,0
1334,133400000,100000,34012476,340.125,0
1335,133500000,100000,34236438,342.364,0
1336,133600000,100000,33918517,339.185,0
1337,133700000,100000,34004478,340.045,0
1338,133800000,100000,34216092,342.161,0
1339,133900000,100000,33966415,339.664,0
1340,134000000,100000,33992040,339.920,0
1341,134100000,100000,34226268,342.263,0
1342,134200000,100000,33726601,337.266,0
1343,134300000,100000,34594500,345.945,0
1344,134400000,100000,34252410,342.524,0
1345,134500000,100000,34125343,341.253,0
1346,134600000,100000,34228794,342.288,0
1347,134700000,100000,34175280,341.753,0
1348,134800000,100000,34088269,340.883,0
1349,134900000,100000,34083804,340.838,0
1350,135000000,100000,34061526,340.615,0
1351,135100000,100000,34189903,341.899,0
1352,135200000,100000,34052142,340.521,0
1353,135300000,100000,34130839,341.308,0
1354,135400000,100000,34139646,341.396,0
1355,135500000,100000,33978996,339.790,0
1356,135600000,100000,34223011,342.230,0
1357,135700000,100000,34111026,341.110,0
1358,135800000,100000,33959292,339.593,0
1359,135900000,100000,34214485,342.145,0
1360,136000000,100000,34094352,340.944,0
1361,136100000,100000,33938478,339.385,0
1362,136200000,100000,34192651,341.927,0
1363,136300000,100000,34068696,340.687,0
1364,136400000,100000,33958986,339.590,0
1365,136500000,100000,34107265,341.073,0
1366,136600000,100000,34193196,341.932,0
1367,136700000,100000,33965340,339.653,0
1368,136800000,100000,34063321,340.633,0
1369,136900000,100000,34205826,342.058,0
1370,137000000,100000,33911046,339.110,0
1371,137100000,100000,34111129,341.111,0
1372,137200000,100000,34253790,342.538,0
1373,137300000,100000,33931212,339.312,0
1374,137400000,100000,33925903,339.259,0
1375,137500000,100000,33897684,338.977,0
1376,137600000,100000,34551750,345.517,0
1377,137700000,100000,33872401,338.724,0
1378,137800000,100000,34316838,343.168,0
1379,137900000,100000,34122936,341.229,0
1380,138000000,100000,34101115,341.011,0
1381,138100000,100000,34233630,342.336,0
1382,138200000,100000,34089888,340.899,0
1383,138300000,100000,34072051,340.721,0
1384,138400000,100000,34015302,340.153,0
1385,138500000,100000,34331778,343.318,0
1386,138600000,100000,33795211,337.952,0
1387,138700000,100000,34218972,342.190,0
1388,138800000,100000,34247460,342.475,0
1389,138900000,100000,33981691,339.817,0
1390,139000000,100000,34141578,341.416,0
1391,139100000,100000,34151166,341.512,0
1392,139200000,100000,33960193,339.602,0
1393,139300000,100000,34031688,340.317,0
1394,139400000,100000,34154436,341.544,0
1395,139500000,100000,34006285,340.063,0
1396,139600000,100000,33909078,339.091,0
1397,139700000,100000,34175604,341.756,0
1398,139800000,100000,34202203,342.022,0
1399,139900000,100000,33908376,339.084,0
1400,140000000,100000,34281096,342.811,0
1401,140100000,100000,34146865,341.469,0
1402,140200000,100000,33933126,339.331,0
1403,140300000,100000,34079142,340.791,0
1404,140400000,100000,34222855,342.229,0
1405,140500000,100000,33983760,339.838,0
1406,140600000,100000,34059318,340.593,0
1407,140700000,100000,34236235,342.362,0
1408,140800000,100000,33926058,339.261,0
1409,140900000,100000,34098924,340.989,0
1410,141000000,100000,34274317,342.743,0
1411,141100000,100000,34247124,342.471,0
1412,141200000,100000,34139473,341.395,0
1413,141300000,100000,34291224,342.912,0
1414,141400000,100000,34213224,342.132,0
1415,141500000,100000,34086823,340.868,0
1416,141600000,100000,34053252,340.533,0
1417,141700000,100000,33998046,339.980,0
1418,141800000,100000,34424839,344.248,0
1419,141900000,100000,36209028,362.090,0
1420,142000000,100000,34931688,349.317,0
1421,142100000,100000,34231549,342.315,0
1422,142200000,100000,33942450,339.425,0
1423,142300000,100000,34139460,341.395,0
1424,142400000,100000,34175017,341.750,0
1425,142500000,100000,33940470,339.405,0
1426,142600000,100000,34080102,340.801,0
1427,142700000,100000,34135915,341.359,0
1428,142800000,100000,33952374,339.524,0
1429,142900000,100000,34071360,340.714,0
1430,143000000,100000,34164271,341.643,0
1431,143100000,100000,34014222,340.142,0
1432,143200000,100000,34011498,340.115,0
1433,143300000,100000,34162825,341.628,0
1434,143400000,100000,34156794,341.568,0
1435,143500000,100000,33939498,339.395,0
1436,143600000,100000,34164025,341.640,0
1437,143700000,100000,34075638,340.756,0
1438,143800000,100000,34023000,340.230,0
1439,143900000,100000,34158151,341.582,0
1440,144000000,100000,34091850,340.918,0
1441,144100000,100000,33911934,339.119,0
1442,144200000,100000,34079407,340.794,0
1443,144300000,100000,34247496,342.475,0
1444,144400000,100000,34317918,343.179,0
1445,144500000,100000,34209685,342.097,0
1446,144600000,100000,34123206,341.232,0
1447,144700000,100000,34099998,341.000,0
1448,144800000,100000,34021819,340.218,0
1449,144900000,100000,34109568,341.096,0
1450,145000000,100000,34043148,340.431,0
1451,145100000,100000,34418551,344.186,0
1452,145200000,100000,33722490,337.225,0
1453,145300000,100000,34362222,343.622,0
1454,145400000,100000,34089979,340.900,0
1455,145500000,100000,34231314,342.313,0
1456,145600000,100000,34002564,340.026,0
1457,145700000,100000,34085827,340.858,0
1458,145800000,100000,34208676,342.087,0
1459,145900000,100000,34301508,343.015,0
1460,146000000,100000,33907075,339.071,0
1461,146100000,100000,34130616,341.306,0
1462,146200000,100000,34207633,342.076,0
1463,146300000,100000,33917022,339.170,0
1464,146400000,100000,34117092,341.171,0
1465,146500000,100000,34286923,342.869,0
1466,146600000,100000,33981912,339.819,0
1467,146700000,100000,34013988,340.140,0
1468,146800000,100000,34249873,342.499,0
1469,146900000,100000,34005570,340.056,0
1470,147000000,100000,33930618,339.306,0
1471,147100000,100000,34216687,342.167,0
1472,147200000,100000,34026420,340.264,0
1473,147300000,100000,33981102,339.811,0
1474,147400000,100000,34243027,342.430,0
1475,147500000,100000,33583830,335.838,0
1476,147600000,100000,34594122,345.941,0
1477,147700000,100000,34137853,341.379,0
1478,147800000,100000,34105392,341.054,0
1479,147900000,100000,34305588,343.056,0
1480,148000000,100000,34222231,342.222,0
1481,148100000,100000,34301604,343.016,0
1482,148200000,100000,34033620,340.336,0
1483,148300000,100000,33996835,339.968,0
1484,148400000,100000,34259874,342.599,0
1485,148500000,100000,33962160,339.622,0
1486,148600000,100000,34155151,341.552,0
1487,148700000,100000,34143834,341.438,0
1488,148800000,100000,34000308,340.003,0
1489,148900000,100000,34051801,340.518,0
1490,149000000,100000,34234404,342.344,0
1491,149100000,100000,33984714,339.847,0
1492,149200000,100000,33992167,339.922,0
1493,149300000,100000,34235706,342.357,0
1494,149400000,100000,33944040,339.440,0
1495,149500000,100000,33993901,339.939,0
1496,149600000,100000,34231452,342.315,0
1497,149700000,100000,34085736,340.857,0
1498,149800000,100000,33995533,339.955,0
1499,149900000,100000,34196280,341.963,0
1500,150000000,100000,34155612,341.556,0
1501,150100000,100000,33925033,339.250,0
1502,150200000,100000,34187226,341.872,0
1503,150300000,100000,34088940,340.889,0
1504,150400000,100000,33914179,339.142,0
1505,150500000,100000,34183638,341.836,0
1506,150600000,100000,34080996,340.810,0
1507,150700000,100000,33907753,339.078,0
1508,150800000,100000,33940968,339.410,0
1509,150900000,100000,34529412,345.294,0
1510,151000000,100000,33816799,338.168,0
1511,151100000,100000,34281780,342.818,0
1512,151200000,100000,34180386,341.804,0
1513,151300000,100000,34131985,341.320,0
1514,151400000,100000,34063716,340.637,0
1515,151500000,100000,33990390,339.904,0
1516,151600000,100000,33959485,339.595,0
1517,151700000,100000,34141128,341.411,0
1518,151800000,100000,34443822,344.438,0
1519,151900000,100000,34117549,341.175,0
1520,152000000,100000,34221756,342.218,0
1521,152100000,100000,33933643,339.336,0
1522,152200000,100000,33970296,339.703,0
1523,152300000,100000,34218810,342.188,0
1524,152400000,100000,34029877,340.299,0
1525,152500000,100000,33933558,339.336,0
1526,152600000,100000,34233306,342.333,0
1527,152700000,100000,34100071,341.001,0
1528,152800000,100000,33921666,339.217,0
1529,152900000,100000,33909510,339.095,0
1530,153000000,100000,34129309,341.293,0
1531,153100000,100000,34247754,342.478,0
1532,153200000,100000,33992430,339.924,0
1533,153300000,100000,34110925,341.109,0
1534,153400000,100000,34103256,341.033,0
1535,153500000,100000,33992076,339.921,0
1536,153600000,100000,33948811,339.488,0
1537,153700000,100000,34264494,342.645,0
1538,153800000,100000,33969174,339.692,0
1539,153900000,100000,33975499,339.755,0
1540,154000000,100000,34237602,342.376,0
1541,154100000,100000,33980340,339.803,0
1542,154200000,100000,33494287,334.943,0
1543,154300000,100000,34697856,346.979,0
1544,154400000,100000,34322196,343.222,0
1545,154500000,100000,34059031,340.590,0
1546,154600000,100000,34210122,342.101,0
1547,154700000,100000,34242528,342.425,0
1548,154800000,100000,34105315,341.053,0
1549,154900000,100000,34246428,342.464,0
1550,155000000,100000,33974622,339.746,0
1551,155100000,100000,34414981,344.150,0
1552,155200000,100000,33674862,336.749,0
1553,155300000,100000,34308036,343.080,0
1554,155400000,100000,34050967,340.510,0
1555,155500000,100000,34240650,342.406,0
1556,155600000,100000,34040706,340.407,0
1557,155700000,100000,33968797,339.688,0
1558,155800000,100000,34126050,341.260,0
1559,155900000,100000,34153668,341.537,0
1560,156000000,100000,33905059,339.051,0
1561,156100000,100000,34132362,341.324,0
1562,156200000,100000,34143462,341.435,0
1563,156300000,100000,33999433,339.994,0
1564,156400000,100000,34009650,340.096,0
1565,156500000,100000,34272978,342.730,0
1566,156600000,100000,33968059,339.681,0
1567,156700000,100000,33961488,339.615,0
1568,156800000,100000,34258782,342.588,0
1569,156900000,100000,33979339,339.793,0
1570,157000000,100000,34041960,340.420,0
1571,157100000,100000,34331850,343.318,0
1572,157200000,100000,34031959,340.320,0
1573,157300000,100000,33928812,339.288,0
1574,157400000,100000,34228044,342.280,0
1575,157500000,100000,33661975,336.620,0
1576,157600000,100000,34808028,348.080,0
1577,157700000,100000,34104175,341.042,0
1578,157800000,100000,34213602,342.136,0
1579,157900000,100000,34175298,341.753,0
1580,158000000,100000,34135639,341.356,0
1581,158100000,100000,34069776,340.698,0
1582,158200000,100000,34118394,341.184,0
1583,158300000,100000,34064161,340.642,0
1584,158400000,100000,34208976,342.090,0
1585,158500000,100000,34004970,340.050,0
1586,158600000,100000,34101967,341.020,0
1587,158700000,100000,34175040,341.750,0
1588,158800000,100000,33931080,339.311,0
1589,158900000,100000,34145323,341.453,0
1590,159000000,100000,34151196,341.512,0
1591,159100000,100000,33920040,339.200,0
1592,159200000,100000,33910459,339.105,0
1593,159300000,100000,34277142,342.771,0
1594,159400000,100000,34193214,341.932,0
1595,159500000,100000,33924271,339.243,0
1596,159600000,100000,34132356,341.324,0
1597,159700000,100000,34165650,341.656,0
1598,159800000,100000,34018375,340.184,0
1599,159900000,100000,34086216,340.862,0
1600,160000000,100000,34159206,341.592,0
1601,160100000,100000,33991297,339.913,0
1602,160200000,100000,33988740,339.887,0
1603,160300000,100000,34133928,341.339,0
1604,160400000,100000,34060765,340.608,0
1605,160500000,100000,33964926,339.649,0
1606,160600000,100000,34272018,342.720,0
1607,160700000,100000,34059835,340.598,0
1608,160800000,100000,33919632,339.196,0
1609,160900000,100000,34472772,344.728,0
1610,161000000,100000,33906997,339.070,0
1611,161100000,100000,34307640,343.076,0
1612,161200000,100000,34211886,342.119,0
1613,161300000,100000,34135327,341.353,0
1614,161400000,100000,34227066,342.271,0
1615,161500000,100000,34040412,340.404,0
1616,161600000,100000,34022731,340.227,0
1617,161700000,100000,34009440,340.094,0
1618,161800000,100000,34385442,343.854,0
1619,161900000,100000,34095973,340.960,0
1620,162000000,100000,34315602,343.156,0
1621,162100000,100000,34107354,341.074,0
1622,162200000,100000,34017265,340.173,0
1623,162300000,100000,34216500,342.165,0
1624,162400000,100000,33970410,339.704,0
1625,162500000,100000,33993925,339.939,0
1626,162600000,100000,34057470,340.575,0
1627,162700000,100000,34092360,340.924,0
1628,162800000,100000,33978961,339.790,0
1629,162900000,100000,34217940,342.179,0
1630,163000000,100000,34202370,342.024,0
1631,163100000,100000,33974545,339.745,0
1632,163200000,100000,34061094,340.611,0
1633,163300000,100000,34136274,341.363,0
1634,163400000,100000,34112947,341.129,0
1635,163500000,100000,34017276,340.173,0
1636,163600000,100000,34175551,341.756,0
1637,163700000,100000,34022148,340.221,0
1638,163800000,100000,34021050,340.211,0
1639,163900000,100000,34170805,341.708,0
1640,164000000,100000,33994380,339.944,0
1641,164100000,100000,33924846,339.248,0
1642,164200000,100000,34335553,343.356,0
1643,164300000,100000,33954816,339.548,0
1644,164400000,100000,34286328,342.863,0
1645,164500000,100000,34145089,341.451,0
1646,164600000,100000,34293180,342.932,0
1647,164700000,100000,34032198,340.322,0
1648,164800000,100000,34126117,341.261,0
1649,164900000,100000,33996984,339.970,0
1650,165000000,100000,34072104,340.721,0
1651,165100000,100000,34451533,344.515,0
1652,165200000,100000,33604392,336.044,0
1653,165300000,100000,34333758,343.338,0
1654,165400000,100000,34155709,341.557,0
1655,165500000,100000,34120260,341.203,0
1656,165600000,100000,33923220,339.232,0
1657,165700000,100000,34144801,341.448,0
1658,165800000,100000,34135938,341.359,0
1659,165900000,100000,33982788,339.828,0
1660,166000000,100000,34062997,340.630,0
1661,166100000,100000,33943392,339.434,0
1662,166200000,100000,34218966,342.190,0
1663,166300000,100000,33926485,339.265,0
1664,166400000,100000,34089948,340.899,0
1665,166500000,100000,34310448,343.104,0
1666,166600000,100000,34021123,340.211,0
1667,166700000,100000,34014672,340.147,0
1668,166800000,100000,34239858,342.399,0
1669,166900000,100000,33956731,339.567,0
1670,167000000,100000,33972678,339.727,0
1671,167100000,100000,34217316,342.173,0
1672,167200000,100000,34134337,341.343,0
1673,167300000,100000,33965856,339.659,0
1674,167400000,100000,34272618,342.726,0
1675,167500000,100000,33554851,335.549,0
1676,167600000,100000,34650972,346.510,0
1677,167700000,100000,34184220,341.842,0
1678,167800000,100000,34173415,341.734,0
1679,167900000,100000,34130610,341.306,0
1680,168000000,100000,34021620,340.216,0
1681,168100000,100000,34029835,340.298,0
1682,168200000,100000,34028502,340.285,0
1683,168300000,100000,34047984,340.480,0
1684,168400000,100000,34278997,342.790,0
1685,168500000,100000,33902916,339.029,0
1686,168600000,100000,34180794,341.808,0
1687,168700000,100000,34155289,341.553,0
1688,168800000,100000,33991374,339.914,0
1689,168900000,100000,34202502,342.025,0
1690,169000000,100000,34071535,340.715,0
1691,169100000,100000,33927918,339.279,0
1692,169200000,100000,34243014,342.430,0
1693,169300000,100000,34292167,342.922,0
1694,169400000,100000,34013970,340.140,0
1695,169500000,100000,34022047,340.220,0
1696,169600000,100000,34264350,342.644,0
1697,169700000,100000,33924714,339.247,0
1698,169800000,100000,34000315,340.003,0
1699,169900000,100000,34231896,342.319,0
1700,170000000,100000,34034550,340.346,0
1701,170100000,100000,33950989,339.510,0
1702,170200000,100000,34210764,342.108,0
1703,170300000,100000,34081980,340.820,0
1704,170400000,100000,33951307,339.513,0
1705,170500000,100000,34289172,342.892,0
1706,170600000,100000,34094406,340.944,0
1707,170700000,100000,34057069,340.571,0
1708,170800000,100000,34001448,340.014,0
1709,170900000,100000,34553154,345.532,0
1710,171000000,100000,33842719,338.427,0
1711,171100000,100000,34299246,342.992,0
1712,171200000,100000,34120464,341.205,0
1713,171300000,100000,34126453,341.265,0
1714,171400000,100000,34061490,340.615,0
1715,171500000,100000,33963804,339.638,0
1716,171600000,100000,34081759,340.818,0
1717,171700000,100000,34075026,340.750,0
1718,171800000,100000,34359132,343.591,0
1719,171900000,100000,34202935,342.029,0
1720,172000000,100000,34112628,341.126,0
1721,172100000,100000,34035390,340.354,0
1722,172200000,100000,34155991,341.560,0
1723,172300000,100000,34242792,342.428,0
1724,172400000,100000,33929376,339.294,0
1725,172500000,100000,34064677,340.647,0
1726,172600000,100000,34211772,342.118,0
1727,172700000,100000,33931068,339.311,0
1728,172800000,100000,34024027,340.240,0
1729,172900000,100000,34279668,342.797,0
1730,173000000,100000,34096320,340.963,0
1731,173100000,100000,33946747,339.467,0
1732,173200000,100000,34101906,341.019,0
1733,173300000,100000,34165458,341.655,0
1734,173400000,100000,33967855,339.679,0
1735,173500000,100000,34030842,340.308,0
1736,173600000,100000,34139058,341.391,0
1737,173700000,100000,34042303,340.423,0
1738,173800000,100000,33971022,339.710,0
1739,173900000,100000,34157724,341.577,0
1740,174000000,100000,34118923,341.189,0
1741,174100000,100000,33915996,339.160,0
1742,174200000,100000,34373418,343.734,0
1743,174300000,100000,33880273,338.803,0
1744,174400000,100000,34275474,342.755,0
1745,174500000,100000,34272846,342.728,0
1746,174600000,100000,34181281,341.813,0
1747,174700000,100000,34158414,341.584,0
1748,174800000,100000,34093542,340.935,0
1749,174900000,100000,34063579,340.636,0
1750,175000000,100000,34128882,341.289,0
1751,175100000,100000,34435309,344.353,0
1752,175200000,100000,33861324,338.613,0
1753,175300000,100000,34209306,342.093,0
1754,175400000,100000,34251817,342.518,0
1755,175500000,100000,34010688,340.107,0
1756,175600000,100000,34063362,340.634,0
1757,175700000,100000,34168099,341.681,0
1758,175800000,100000,34009344,340.093,0
1759,175900000,100000,34011390,340.114,0
1760,176000000,100000,34157863,341.579,0
1761,176100000,100000,34011162,340.112,0
1762,176200000,100000,34062576,340.626,0
1763,176300000,100000,34156147,341.561,0
1764,176400000,100000,33951366,339.514,0
1765,176500000,100000,33979596,339.796,0
1766,176600000,100000,33939547,339.395,0
1767,176700000,100000,34236456,342.365,0
1768,176800000,100000,33995484,339.955,0
1769,176900000,100000,33948211,339.482,0
1770,177000000,100000,34223982,342.240,0
1771,177100000,100000,34004430,340.044,0
1772,177200000,100000,33939559,339.396,0
1773,177300000,100000,34105362,341.054,0
1774,177400000,100000,34150866,341.509,0
1775,177500000,100000,33475663,334.757,0
1776,177600000,100000,34671072,346.711,0
1777,177700000,100000,34167996,341.680,0
1778,177800000,100000,34218787,342.188,0
1779,177900000,100000,34193178,341.932,0
1780,178000000,100000,34170288,341.703,0
1781,178100000,100000,34106005,341.060,0
1782,178200000,100000,34111650,341.116,0
1783,178300000,100000,34042314,340.423,0
1784,178400000,100000,34322089,343.221,0
1785,178500000,100000,34253934,342.539,0
1786,178600000,100000,33982626,339.826,0
1787,178700000,100000,34253923,342.539,0
1788,178800000,100000,34074378,340.744,0
1789,178900000,100000,33943266,339.433,0
1790,179000000,100000,34159201,341.592,0
1791,179100000,100000,34078602,340.786,0
1792,179200000,100000,33907278,339.073,0
1793,179300000,100000,34101469,341.015,0
1794,179400000,100000,34102980,341.030,0
1795,179500000,100000,34061634,340.616,0
1796,179600000,100000,33984751,339.848,0
1797,179700000,100000,34223160,342.232,0
1798,179800000,100000,34009014,340.090,0
1799,179900000,100000,33921127,339.211,0
